47.076
47.081
47.082
47.083
59.007
59.059
64.005
66.035
66.041
66.110
66.112
66.123
66.126
66.481
66.202
66.203
66.204
66.305
66.306
66.309
66.310
66.312
66.419
66.424
66.432
66.433
66.436
66.439
66.440
66.441
66.442
66.454
66.456
66.458
66.460
66.461
66.462
66.466
66.467
66.468
66.471
66.472
66.473
66.475
66.480
66.508
66.510
66.511
66.512
66.514
66.517
66.604
66.605
66.606
66.608
66.609
66.611
66.700
66.708
66.709
66.716
66.717
66.802
66.804
66.805
66.806
66.808
66.810
66.812
66.813
66.814
66.815
66.816
66.817
66.818
66.926
66.940
66.951
66.958
66.962
81.041
81.049
81.086
81.092
81.104
81.117
81.128
81.135
81.136
81.214
81.502
93.070
93.143
93.526
93.570
93.581
93.855
93.859
93.865
94.006
97.012
97.022
97.023
97.029
97.039
97.040
97.041
97.042
97.045
97.046
97.047
97.070
97.092
97.110
