10.001
10.028
10.069
10.072
10.093
10.132
10.176
10.200
10.202
10.206
10.212
10.215
10.216
10.227
10.250
10.255
10.290
10.303
10.306
10.310
10.312
10.320
10.326
10.328
10.330
10.351
10.377
10.460
10.500
10.515
10.517
10.601
10.618
10.652
10.664
10.674
10.675
10.676
10.678
10.679
10.680
10.684
10.687
10.689
10.691
10.693
10.698
10.701
10.708
10.712
10.759
10.760
10.760
10.761
10.762
10.763
10.766
10.768
10.770
10.781
10.862
10.864
10.902
10.903
10.904
10.905
10.907
10.912
10.913
10.914
10.916
10.917
10.918
10.920
10.921
10.922
10.923
10.924
10.925
10.927
10.928
10.929
10.931
10.932
10.933
10.950
10.951
11.008
11.011
11.012
11.015
11.016
11.020
11.020
11.021
11.022
11.024
11.300
11.302
11.303
11.307
11.312
11.417
11.419
11.420
11.426
11.429
11.431
11.432
11.433
11.436
11.437
11.438
11.440
11.441
11.452
11.455
11.459
11.460
11.462
11.463
11.467
11.468
11.469
11.472
11.473
11.478
11.482
11.483
11.609
11.616
11.999
12.003
12.005
12.010
12.104
12.106
12.110
12.130
12.460
12.599
12.600
14.218
14.225
14.228
14.251
14.252
14.253
14.272
14.892
14.905
14.913
15.032
15.034
15.035
15.037
15.041
15.051
15.065
15.156
15.225
15.228
15.231
15.232
15.233
15.234
15.236
15.237
15.238
15.239
15.243
15.244
15.245
15.246
15.247
15.248
15.252
15.253
15.426
15.504
15.506
15.507
15.511
15.514
15.517
15.519
15.524
15.530
15.531
15.534
15.536
15.546
15.548
15.554
15.557
15.560
15.566
15.569
15.572
15.574
15.605
15.608
15.611
15.614
15.615
15.616
15.623
15.625
15.628
15.630
15.631
15.632
15.633
15.634
15.635
15.637
15.639
15.642
15.649
15.650
15.654
15.656
15.657
15.658
15.660
15.664
15.665
15.668
15.669
15.670
15.674
15.676
15.678
15.681
15.805
15.808
15.810
15.812
15.814
15.815
15.817
15.820
15.916
15.921
15.923
15.931
15.943
15.944
15.945
15.954
15.962
15.980
15.981
17.002
17.283
17.286
19.017
19.087
19.750
20.106
20.200
20.205
20.215
20.224
20.324
20.326
20.500
20.500
20.519
20.523
20.526
20.527
20.531
20.703
20.710
20.814
20.819
20.823
20.933
20.936
21.021
38.009
43.001
45.024
47.041
47.049
47.050
47.070
47.074
47.075
47.076
47.081
47.082
47.083
59.007
59.011
59.058
59.059
59.065
59.077
64.005
66.001
66.034
66.035
66.038
66.039
66.041
66.042
66.110
66.112
66.121
66.123
66.202
66.203
66.204
66.305
66.306
66.309
66.310
66.312
66.418
66.418
66.419
66.424
66.432
66.433
66.436
66.439
66.440
66.441
66.442
66.443
66.444
66.445
66.446
66.454
66.456
66.458
66.460
66.461
66.462
66.467
66.468
66.471
66.472
66.473
66.480
66.508
66.509
66.510
66.511
66.512
66.514
66.517
66.521
66.600
66.604
66.605
66.608
66.609
66.611
66.700
66.708
66.709
66.716
66.717
66.802
66.804
66.805
66.806
66.808
66.810
66.812
66.813
66.814
66.815
66.816
66.817
66.818
66.926
66.940
66.951
66.956
66.958
66.962
66.963
81.005
81.041
81.049
81.079
81.092
81.104
81.117
81.127
81.128
81.136
81.214
84.354
84.411
93.070
93.113
93.137
93.143
93.286
93.291
93.296
93.296
93.307
93.319
93.346
93.352
93.526
93.570
93.581
93.581
93.624
93.684
93.702
93.772
93.853
93.855
93.859
93.865
93.989
94.006
94.007
94.009
94.019
94.024
97.012
97.022
97.023
97.026
97.027
97.028
97.029
97.036
97.039
97.040
97.041
97.042
97.044
97.045
97.046
97.047
97.067
97.070
97.088
97.092
97.092
97.107
97.110
97.110
97.123
97.133